0,557
0,556
66,17
66,16
66,15
0,453
66,14
0,555
0,554
0,553
0,552
0,551
0,550
0,549
66,13
66,12
0,548
0,547
66,11
66,10
66,9
69,3
69,2
69,1
69,0
0,546
68,4
68,3
68,2
68,1
68,0
67,4
67,3
67,2
67,1
67,0
66,8
66,7
66,6
66,5
66,4
66,3
66,2
66,1
66,0
65,4
65,3
65,2
65,1
65,0
0,545
64,3
64,2
0,544
64,1
64,0
0,543
63,4
63,3
63,2
0,542
63,1
63,0
0,541
62,3
62,2
62,1
62,0
61,3
61,2
61,1
61,0
60,5
60,4
60,3
60,2
60,1
60,0
59,3
59,2
59,1
59,0
58,4
58,3
58,2
58,1
58,0
57,3
57,2
57,1
57,0
43,4
43,2
43,0
45,2
45,0
45,3
44,2
44,0
44,1
44,3
42,2
42,0
0,540
0,539
0,278
0,9
43,1
43,3
42,1
42,3
10,297
10,165
10,117
10,213
10,113
10,171
10,237
10,303
11,27
11,17
11,5
11,11
11,13
11,21
11,19
9,5
8,10
8,18
8,7
54,3
54,2
54,1
54,0
53,4
53,3
53,2
53,1
53,0
51,18
51,17
